R=0.725;
Km=0.0452;
Kv1=0.146;
Kv2=0;
Kml=0.3266;
Mc=0.0405;
Ms=0.0467;
teta=1e-4;
Bm=4e-3;
N=1.256e3;
Tmin=2e-4;
ro_0=100;
ro_1=0.923;
teta_omega2=1e-4;
omega_2s=10.47;
Ip=28;